//
// File: inv_dyn_hyq_data.cpp
//
// Code generated for Simulink model 'inv_dyn_hyq'.
//
// Model version                  : 1.4
// Simulink Coder version         : 8.14 (R2018a) 06-Feb-2018
// C/C++ source code generated on : Wed Feb 27 10:10:22 2019
//
// Target selection: ert.tlc
// Embedded hardware selection: Intel->x86-64 (Linux 64)
// Code generation objectives:
//    1. RAM efficiency
//    2. Execution efficiency
// Validation result: Not run
//
#include "/home/schulze/hyq_workspace/src/hyq-description/gazebo_plugins/include/inv_dyn_hyq.h"

// Constant parameters (default storage)
const ConstP rtConstP = {
  // Expression: xm
  //  Referenced by: '<Root>/inv_dyn_hyq'

  {
    { 0.0, -1.0, 0.0, 0.0, 0.0, -0.33, 0.0, 0.0, 1.0, 0.0, -0.33, 0.0, -1.0, 0.0,
      0.0, 0.0, 0.0, 0.0, 0.0, 0.0, 0.0, 0.0, -1.0, 0.0, 0.0, 0.0, 0.0, 0.0, 0.0,
      1.0, 0.0, 0.0, 0.0, -1.0, 0.0, 0.0 },

    { 0.0, -1.0, 0.0, 0.0, 0.0, -0.33, 0.0, 0.0, 1.0, 0.0, -0.33, 0.0, -1.0, 0.0,
      0.0, 0.0, 0.0, 0.0, 0.0, 0.0, 0.0, 0.0, -1.0, 0.0, 0.0, 0.0, 0.0, 0.0, 0.0,
      1.0, 0.0, 0.0, 0.0, -1.0, 0.0, 0.0 },

    { 0.0, -1.0, 0.0, 0.0, 0.0, -0.33, 0.0, 0.0, 1.0, 0.0, -0.33, 0.0, -1.0, 0.0,
      0.0, 0.0, 0.0, 0.0, 0.0, 0.0, 0.0, 0.0, -1.0, 0.0, 0.0, 0.0, 0.0, 0.0, 0.0,
      1.0, 0.0, 0.0, 0.0, -1.0, 0.0, 0.0 },

    { 0.0, -1.0, 0.0, 0.0, 0.0, -0.33, 0.0, 0.0, 1.0, 0.0, -0.33, 0.0, -1.0, 0.0,
      0.0, 0.0, 0.0, 0.0, 0.0, 0.0, 0.0, 0.0, -1.0, 0.0, 0.0, 0.0, 0.0, 0.0, 0.0,
      1.0, 0.0, 0.0, 0.0, -1.0, 0.0, 0.0 },

    { 0.0, 0.0, 0.0, 0.0, 0.0, 0.0, 0.0, 0.0, 0.0, 0.0, 0.0, 0.0, -1.0, 0.0, 0.0,
      0.0, 0.0, 0.0, 0.0, 0.0, 0.0, 0.0, 0.0, 0.0, 0.0, 0.0, 0.0, 0.0, 0.0, 0.0,
      0.0, 0.0, 0.0, -1.0, 0.0, 0.0 },

    { 0.0, 0.0, 0.0, 0.0, 0.0, 0.0, 0.0, 0.0, 0.0, 0.0, 0.0, 0.0, 1.0, 0.0, 0.0,
      0.0, 0.0, 0.0, 0.0, 0.0, 0.0, 0.0, 0.0, 0.0, 0.0, 0.0, 0.0, 0.0, 0.0, 0.0,
      0.0, 0.0, 0.0, 1.0, 0.0, 0.0 },

    { 0.0, 0.0, 0.0, 0.0, 0.0, 0.0, 0.0, 0.0, 0.0, 0.0, 0.0, 0.0, -1.0, 0.0, 0.0,
      0.0, 0.0, 0.0, 0.0, 0.0, 0.0, 0.0, 0.0, 0.0, 0.0, 0.0, 0.0, 0.0, 0.0, 0.0,
      0.0, 0.0, 0.0, -1.0, 0.0, 0.0 },

    { 0.0, 0.0, 0.0, 0.0, 0.0, 0.0, 0.0, 0.0, 0.0, 0.0, 0.0, 0.0, 1.0, 0.0, 0.0,
      0.0, 0.0, 0.0, 0.0, 0.0, 0.0, 0.0, 0.0, 0.0, 0.0, 0.0, 0.0, 0.0, 0.0, 0.0,
      0.0, 0.0, 0.0, 1.0, 0.0, 0.0 },

    { 0.0, 0.0, 0.0, 0.0, 0.0, 0.0, 0.0, 0.0, 0.0, 0.0, 0.0, 0.0, 0.0, 0.0, 0.0,
      0.0, 0.0, 0.0, 0.0, 0.0, 0.0, 0.0, 0.0, 0.0, 0.0, 0.0, 0.0, 0.0, 0.0, 0.0,
      0.0, 0.0, 0.0, 0.0, 0.0, 0.0 },

    { 0.0, 0.0, 0.0, 0.0, 0.0, 0.0, 0.0, 0.0, 0.0, 0.0, 0.0, 0.0, 0.0, 0.0, 0.0,
      0.0, 0.0, 0.0, 0.0, 0.0, 0.0, 0.0, 0.0, 0.0, 0.0, 0.0, 0.0, 0.0, 0.0, 0.0,
      0.0, 0.0, 0.0, 0.0, 0.0, 0.0 },

    { 0.0, 0.0, 0.0, 0.0, 0.0, 0.0, 0.0, 0.0, 0.0, 0.0, 0.0, 0.0, 0.0, 0.0, 0.0,
      0.0, 0.0, 0.0, 0.0, 0.0, 0.0, 0.0, 0.0, 0.0, 0.0, 0.0, 0.0, 0.0, 0.0, 0.0,
      0.0, 0.0, 0.0, 0.0, 0.0, 0.0 },

    { 0.0, 0.0, 0.0, 0.0, 0.0, 0.0, 0.0, 0.0, 0.0, 0.0, 0.0, 0.0, 0.0, 0.0, 0.0,
      0.0, 0.0, 0.0, 0.0, 0.0, 0.0, 0.0, 0.0, 0.0, 0.0, 0.0, 0.0, 0.0, 0.0, 0.0,
      0.0, 0.0, 0.0, 0.0, 0.0, 0.0 },

    { 0.0, 0.0, 0.0, 0.0, 0.0, 0.0, 0.0, 0.0, 0.0, 0.0, 0.0, 0.0, 0.0, 0.0, 0.0,
      0.0, 0.0, 0.0, 0.0, 0.0, 0.0, 0.0, 0.0, 0.0, 0.0, 0.0, 0.0, 0.0, 0.0, 0.0,
      0.0, 0.0, 0.0, 0.0, 0.0, 0.0 },

    { 0.0, 0.0, 0.0, 0.0, 0.0, 0.0, 0.0, 0.0, 0.0, 0.0, 0.0, 0.0, 0.0, 0.0, 0.0,
      0.0, 0.0, 0.0, 0.0, 0.0, 0.0, 0.0, 0.0, 0.0, 0.0, 0.0, 0.0, 0.0, 0.0, 0.0,
      0.0, 0.0, 0.0, 0.0, 0.0, 0.0 },

    { 0.0, 0.0, 0.0, 0.0, 0.0, 0.0, 0.0, 0.0, 0.0, 0.0, 0.0, 0.0, 0.0, 0.0, 0.0,
      0.0, 0.0, 0.0, 0.0, 0.0, 0.0, 0.0, 0.0, 0.0, 0.0, 0.0, 0.0, 0.0, 0.0, 0.0,
      0.0, 0.0, 0.0, 0.0, 0.0, 0.0 },

    { 0.0, 0.0, 0.0, 0.0, 0.0, 0.0, 0.0, 0.0, 0.0, 0.0, 0.0, 0.0, 0.0, 0.0, 0.0,
      0.0, 0.0, 0.0, 0.0, 0.0, 0.0, 0.0, 0.0, 0.0, 0.0, 0.0, 0.0, 0.0, 0.0, 0.0,
      0.0, 0.0, 0.0, 0.0, 0.0, 0.0 },

    { 0.0, 0.0, -1.0, 0.0, 0.0, 0.0, -1.0, 0.0, 0.0, 0.0, -0.33, 0.0, 0.0, 1.0,
      0.0, -0.33, 0.0, 0.0, 0.0, 0.0, 0.0, 0.0, 0.0, -1.0, 0.0, 0.0, 0.0, -1.0,
      0.0, 0.0, 0.0, 0.0, 0.0, 0.0, 1.0, 0.0 },

    { 0.0, 0.0, -1.0, 0.0, 0.0, 0.0, -1.0, 0.0, 0.0, 0.0, -0.33, 0.0, 0.0, 1.0,
      0.0, -0.33, 0.0, 0.0, 0.0, 0.0, 0.0, 0.0, 0.0, -1.0, 0.0, 0.0, 0.0, -1.0,
      0.0, 0.0, 0.0, 0.0, 0.0, 0.0, 1.0, 0.0 },

    { 0.0, 0.0, -1.0, 0.0, 0.0, 0.0, -1.0, 0.0, 0.0, 0.0, -0.33, 0.0, 0.0, 1.0,
      0.0, -0.33, 0.0, 0.0, 0.0, 0.0, 0.0, 0.0, 0.0, -1.0, 0.0, 0.0, 0.0, -1.0,
      0.0, 0.0, 0.0, 0.0, 0.0, 0.0, 1.0, 0.0 },

    { 0.0, 0.0, -1.0, 0.0, 0.0, 0.0, -1.0, 0.0, 0.0, 0.0, -0.33, 0.0, 0.0, 1.0,
      0.0, -0.33, 0.0, 0.0, 0.0, 0.0, 0.0, 0.0, 0.0, -1.0, 0.0, 0.0, 0.0, -1.0,
      0.0, 0.0, 0.0, 0.0, 0.0, 0.0, 1.0, 0.0 },

    { 0.0, 0.0, 0.0, 0.0, 0.0, 0.0, 0.0, 0.0, 0.0, 0.0, 0.0, 0.0, 0.0, 0.0, 0.0,
      0.0, 0.0, 0.0, 0.0, 0.0, 0.0, 0.0, 0.0, 0.0, 0.0, 0.0, 0.0, 0.0, 0.0, 0.0,
      0.0, 0.0, 0.0, 0.0, 0.0, 0.0 },

    { 0.0, 0.0, 0.0, 0.0, 0.0, 0.0, 0.0, 0.0, 0.0, 0.0, 0.0, 0.0, 0.0, 0.0, 0.0,
      0.0, 0.0, 0.0, 0.0, 0.0, 0.0, 0.0, 0.0, 0.0, 0.0, 0.0, 0.0, 0.0, 0.0, 0.0,
      0.0, 0.0, 0.0, 0.0, 0.0, 0.0 },

    { 0.0, 0.0, 0.0, 0.0, 0.0, 0.0, 0.0, 0.0, 0.0, 0.0, 0.0, 0.0, 0.0, 0.0, 0.0,
      0.0, 0.0, 0.0, 0.0, 0.0, 0.0, 0.0, 0.0, 0.0, 0.0, 0.0, 0.0, 0.0, 0.0, 0.0,
      0.0, 0.0, 0.0, 0.0, 0.0, 0.0 },

    { 0.0, 0.0, 0.0, 0.0, 0.0, 0.0, 0.0, 0.0, 0.0, 0.0, 0.0, 0.0, 0.0, 0.0, 0.0,
      0.0, 0.0, 0.0, 0.0, 0.0, 0.0, 0.0, 0.0, 0.0, 0.0, 0.0, 0.0, 0.0, 0.0, 0.0,
      0.0, 0.0, 0.0, 0.0, 0.0, 0.0 },

    { 0.0, 0.0, 0.0, 0.0, 0.0, 0.0, 0.0, 0.0, 0.0, 0.0, 0.0, 0.0, 0.0, 0.0, 0.0,
      0.0, 0.0, 0.0, 0.0, 0.0, 0.0, 0.0, 0.0, 0.0, 0.0, 0.0, 0.0, 0.0, 0.0, 0.0,
      0.0, 0.0, 0.0, 0.0, 0.0, 0.0 },

    { 0.0, 0.0, 0.0, 0.0, 0.0, 0.0, 0.0, 0.0, 0.0, 0.0, 0.0, 0.0, 0.0, 0.0, 0.0,
      0.0, 0.0, 0.0, 0.0, 0.0, 0.0, 0.0, 0.0, 0.0, 0.0, 0.0, 0.0, 0.0, 0.0, 0.0,
      0.0, 0.0, 0.0, 0.0, 0.0, 0.0 },

    { 0.0, 0.0, 0.0, 0.0, 0.0, 0.0, 0.0, 0.0, 0.0, 0.0, 0.0, 0.0, 0.0, 0.0, 0.0,
      0.0, 0.0, 0.0, 0.0, 0.0, 0.0, 0.0, 0.0, 0.0, 0.0, 0.0, 0.0, 0.0, 0.0, 0.0,
      0.0, 0.0, 0.0, 0.0, 0.0, 0.0 },

    { 0.0, 0.0, 0.0, 0.0, 0.0, 0.0, 0.0, 0.0, 0.0, 0.0, 0.0, 0.0, 0.0, 0.0, 0.0,
      0.0, 0.0, 0.0, 0.0, 0.0, 0.0, 0.0, 0.0, 0.0, 0.0, 0.0, 0.0, 0.0, 0.0, 0.0,
      0.0, 0.0, 0.0, 0.0, 0.0, 0.0 },

    { 0.0, 0.0, 0.0, 0.0, 0.0, 0.0, 0.0, 0.0, 0.0, 0.0, 0.0, 0.0, 0.0, 0.0, 0.0,
      0.0, 0.0, 0.0, 0.0, 0.0, 0.0, 0.0, 0.0, 0.0, 0.0, 0.0, 0.0, 0.0, 0.0, 0.0,
      0.0, 0.0, 0.0, 0.0, 0.0, 0.0 },

    { 0.0, 0.0, 0.0, 0.0, 0.0, 0.0, 0.0, 0.0, 0.0, 0.0, 0.0, 0.0, 0.0, 0.0, 0.0,
      0.0, 0.0, 0.0, 0.0, 0.0, 0.0, 0.0, 0.0, 0.0, 0.0, 0.0, 0.0, 0.0, 0.0, 0.0,
      0.0, 0.0, 0.0, 0.0, 0.0, 0.0 },

    { 0.0, 0.0, 0.0, 0.0, 0.0, 0.0, 0.0, 0.0, 0.0, 0.0, 0.0, 0.0, 0.0, 0.0, 0.0,
      0.0, 0.0, 0.0, 0.0, 0.0, 0.0, 0.0, 0.0, 0.0, 0.0, 0.0, 0.0, 0.0, 0.0, 0.0,
      0.0, 0.0, 0.0, 0.0, 0.0, 0.0 },

    { 0.0, 0.0, 0.0, 0.0, 0.0, 0.0, 0.0, 0.0, 0.0, 0.0, 0.0, 0.0, 0.0, 0.0, 0.0,
      0.0, 0.0, 0.0, 0.0, 0.0, 0.0, 0.0, 0.0, 0.0, 0.0, 0.0, 0.0, 0.0, 0.0, 0.0,
      0.0, 0.0, 0.0, 0.0, 0.0, 0.0 },

    { 0.0, 0.0, -1.0, -0.207, 0.3735, 0.0, 0.0, -1.0, 0.0, 0.0, 0.0, -0.3735,
      -1.0, 0.0, 0.0, 0.0, 0.0, 0.207, 0.0, 0.0, 0.0, 0.0, 0.0, -1.0, 0.0, 0.0,
      0.0, 0.0, -1.0, 0.0, 0.0, 0.0, 0.0, -1.0, 0.0, 0.0 },

    { 0.0, 0.0, 0.0, 0.0, 0.0, 0.0, -1.0, 0.0, 0.0, 0.0, 0.0, 0.0, 0.0, 0.0, 0.0,
      0.0, 0.0, 0.0, 0.0, 0.0, 0.0, 0.0, 0.0, 0.0, 0.0, 0.0, 0.0, -1.0, 0.0, 0.0,
      0.0, 0.0, 0.0, 0.0, 0.0, 0.0 },

    { 0.0, 0.0, 0.0, 0.0, 0.0, 0.0, 0.0, 0.0, 0.0, 0.0, 0.0, 0.0, 0.0, 0.0, 0.0,
      0.0, 0.0, 0.0, 0.0, 0.0, 0.0, 0.0, 0.0, 0.0, 0.0, 0.0, 0.0, 0.0, 0.0, 0.0,
      0.0, 0.0, 0.0, 0.0, 0.0, 0.0 },

    { 0.0, 0.0, -1.0, 0.207, 0.3735, 0.0, 0.0, 1.0, 0.0, 0.0, 0.0, 0.3735, 1.0,
      0.0, 0.0, 0.0, 0.0, 0.207, 0.0, 0.0, 0.0, 0.0, 0.0, -1.0, 0.0, 0.0, 0.0,
      0.0, 1.0, 0.0, 0.0, 0.0, 0.0, 1.0, 0.0, 0.0 },

    { 0.0, 0.0, 0.0, 0.0, 0.0, 0.0, -1.0, 0.0, 0.0, 0.0, 0.0, 0.0, 0.0, 0.0, 0.0,
      0.0, 0.0, 0.0, 0.0, 0.0, 0.0, 0.0, 0.0, 0.0, 0.0, 0.0, 0.0, -1.0, 0.0, 0.0,
      0.0, 0.0, 0.0, 0.0, 0.0, 0.0 },

    { 0.0, 0.0, 0.0, 0.0, 0.0, 0.0, 0.0, 0.0, 0.0, 0.0, 0.0, 0.0, 0.0, 0.0, 0.0,
      0.0, 0.0, 0.0, 0.0, 0.0, 0.0, 0.0, 0.0, 0.0, 0.0, 0.0, 0.0, 0.0, 0.0, 0.0,
      0.0, 0.0, 0.0, 0.0, 0.0, 0.0 },

    { 0.0, 0.0, -1.0, -0.207, -0.3735, 0.0, 0.0, -1.0, 0.0, 0.0, 0.0, 0.3735,
      -1.0, 0.0, 0.0, 0.0, 0.0, 0.207, 0.0, 0.0, 0.0, 0.0, 0.0, -1.0, 0.0, 0.0,
      0.0, 0.0, -1.0, 0.0, 0.0, 0.0, 0.0, -1.0, 0.0, 0.0 },

    { 0.0, 0.0, 0.0, 0.0, 0.0, 0.0, -1.0, 0.0, 0.0, 0.0, 0.0, 0.0, 0.0, 0.0, 0.0,
      0.0, 0.0, 0.0, 0.0, 0.0, 0.0, 0.0, 0.0, 0.0, 0.0, 0.0, 0.0, -1.0, 0.0, 0.0,
      0.0, 0.0, 0.0, 0.0, 0.0, 0.0 },

    { 0.0, 0.0, 0.0, 0.0, 0.0, 0.0, 0.0, 0.0, 0.0, 0.0, 0.0, 0.0, 0.0, 0.0, 0.0,
      0.0, 0.0, 0.0, 0.0, 0.0, 0.0, 0.0, 0.0, 0.0, 0.0, 0.0, 0.0, 0.0, 0.0, 0.0,
      0.0, 0.0, 0.0, 0.0, 0.0, 0.0 },

    { 0.0, 0.0, -1.0, 0.207, -0.3735, 0.0, 0.0, 1.0, 0.0, 0.0, 0.0, -0.3735, 1.0,
      0.0, 0.0, 0.0, 0.0, 0.207, 0.0, 0.0, 0.0, 0.0, 0.0, -1.0, 0.0, 0.0, 0.0,
      0.0, 1.0, 0.0, 0.0, 0.0, 0.0, 1.0, 0.0, 0.0 },

    { 0.0, 0.0, 0.0, 0.0, 0.0, 0.0, -1.0, 0.0, 0.0, 0.0, 0.0, 0.0, 0.0, 0.0, 0.0,
      0.0, 0.0, 0.0, 0.0, 0.0, 0.0, 0.0, 0.0, 0.0, 0.0, 0.0, 0.0, -1.0, 0.0, 0.0,
      0.0, 0.0, 0.0, 0.0, 0.0, 0.0 },

    { 0.0, 0.0, 0.0, 0.0, 0.0, 0.0, 0.0, 0.0, 0.0, 0.0, 0.0, 0.0, 0.0, 0.0, 0.0,
      0.0, 0.0, 0.0, 0.0, 0.0, 0.0, 0.0, 0.0, 0.0, 0.0, 0.0, 0.0, 0.0, 0.0, 0.0,
      0.0, 0.0, 0.0, 0.0, 0.0, 0.0 },

    { 0.0, 0.0, -1.0, 0.0, 0.0, 0.0, 0.0, 0.0, 0.0, 0.0, 0.0, 0.0, 0.0, 0.0, 0.0,
      0.0, 0.0, 0.207, 0.0, 0.0, 0.0, 0.0, 0.0, -1.0, 0.0, 0.0, 0.0, 0.0, 0.0,
      0.0, 0.0, 0.0, 0.0, 0.0, 0.0, 0.0 },

    { 0.0, 0.0, 0.0, 0.0, 0.0, 0.0, 0.0, 0.0, 0.0, 0.0, 0.0, 0.0, -1.0, 0.0, 0.0,
      0.0, 0.0, 0.207, 0.0, 0.0, 0.0, 0.0, 0.0, 0.0, 0.0, 0.0, 0.0, 0.0, 0.0,
      0.0, 0.0, 0.0, 0.0, -1.0, 0.0, 0.0 },

    { 0.0, 0.0, 0.0, 0.0, 0.0, 0.0, 0.0, 0.0, -1.0, 0.0, 0.0, 0.0, 0.0, 0.0, 0.0,
      0.0, 0.0, -0.08, 0.0, 0.0, 0.0, 0.0, 0.0, 0.0, 0.0, 0.0, 0.0, 0.0, 0.0,
      -1.0, 0.0, 0.0, 0.0, 0.0, 0.0, 0.0 },

    { 0.0, 0.0, 0.0, 0.0, 0.0, 0.0, 0.0, 0.0, 0.0, 0.0, 0.0, 0.0, 0.0, -1.0, 0.0,
      0.0, 0.0, -0.08, 0.0, 0.0, 0.0, 0.0, 0.0, 0.0, 0.0, 0.0, 0.0, 0.0, 0.0,
      0.0, 0.0, 0.0, 0.0, 0.0, -1.0, 0.0 },

    { 0.0, 0.0, 0.0, 0.0, 0.0, 0.0, 0.0, 0.0, 0.0, 0.0, 0.0, -0.35, 0.0, 0.0,
      1.0, 0.0, 0.0, 0.0, 0.0, 0.0, 0.0, 0.0, 0.0, 0.0, 0.0, 0.0, 0.0, 0.0, 0.0,
      0.0, 0.0, 0.0, 0.0, 0.0, 0.0, 1.0 },

    { 0.0, 0.0, 0.0, 0.0, 0.0, 0.0, 0.0, 0.0, 0.0, 0.0, 0.0, 0.0, 0.0, 0.0, 1.0,
      0.0, -0.35, 0.0, 0.0, 0.0, 0.0, 0.0, 0.0, 0.0, 0.0, 0.0, 0.0, 0.0, 0.0,
      0.0, 0.0, 0.0, 0.0, 0.0, 0.0, 1.0 },

    { 0.0, 0.0, 1.0, 0.0, 0.0, 0.0, 0.0, 0.0, 0.0, 0.0, 0.0, 0.0, 0.0, 0.0, 0.0,
      0.0, 0.0, 0.207, 0.0, 0.0, 0.0, 0.0, 0.0, 1.0, 0.0, 0.0, 0.0, 0.0, 0.0,
      0.0, 0.0, 0.0, 0.0, 0.0, 0.0, 0.0 },

    { 0.0, 0.0, 0.0, 0.0, 0.0, 0.0, 0.0, 0.0, 0.0, 0.0, 0.0, 0.0, 1.0, 0.0, 0.0,
      0.0, 0.0, 0.207, 0.0, 0.0, 0.0, 0.0, 0.0, 0.0, 0.0, 0.0, 0.0, 0.0, 0.0,
      0.0, 0.0, 0.0, 0.0, 1.0, 0.0, 0.0 },

    { 0.0, 0.0, 0.0, 0.0, 0.0, 0.0, 0.0, 0.0, 1.0, 0.0, 0.0, 0.0, 0.0, 0.0, 0.0,
      0.0, 0.0, 0.08, 0.0, 0.0, 0.0, 0.0, 0.0, 0.0, 0.0, 0.0, 0.0, 0.0, 0.0, 1.0,
      0.0, 0.0, 0.0, 0.0, 0.0, 0.0 },

    { 0.0, 0.0, 0.0, 0.0, 0.0, 0.0, 0.0, 0.0, 0.0, 0.0, 0.0, 0.0, 0.0, 1.0, 0.0,
      0.0, 0.0, 0.08, 0.0, 0.0, 0.0, 0.0, 0.0, 0.0, 0.0, 0.0, 0.0, 0.0, 0.0, 0.0,
      0.0, 0.0, 0.0, 0.0, 1.0, 0.0 },

    { 0.0, 0.0, 0.0, 0.0, 0.0, 0.0, 0.0, 0.0, 0.0, 0.0, 0.0, -0.35, 0.0, 0.0,
      1.0, 0.0, 0.0, 0.0, 0.0, 0.0, 0.0, 0.0, 0.0, 0.0, 0.0, 0.0, 0.0, 0.0, 0.0,
      0.0, 0.0, 0.0, 0.0, 0.0, 0.0, 1.0 },

    { 0.0, 0.0, 0.0, 0.0, 0.0, 0.0, 0.0, 0.0, 0.0, 0.0, 0.0, 0.0, 0.0, 0.0, 1.0,
      0.0, -0.35, 0.0, 0.0, 0.0, 0.0, 0.0, 0.0, 0.0, 0.0, 0.0, 0.0, 0.0, 0.0,
      0.0, 0.0, 0.0, 0.0, 0.0, 0.0, 1.0 },

    { 0.0, 0.0, -1.0, 0.0, 0.0, 0.0, 0.0, 0.0, 0.0, 0.0, 0.0, 0.0, 0.0, 0.0, 0.0,
      0.0, 0.0, 0.207, 0.0, 0.0, 0.0, 0.0, 0.0, -1.0, 0.0, 0.0, 0.0, 0.0, 0.0,
      0.0, 0.0, 0.0, 0.0, 0.0, 0.0, 0.0 },

    { 0.0, 0.0, 0.0, 0.0, 0.0, 0.0, 0.0, 0.0, 0.0, 0.0, 0.0, 0.0, -1.0, 0.0, 0.0,
      0.0, 0.0, 0.207, 0.0, 0.0, 0.0, 0.0, 0.0, 0.0, 0.0, 0.0, 0.0, 0.0, 0.0,
      0.0, 0.0, 0.0, 0.0, -1.0, 0.0, 0.0 },

    { 0.0, 0.0, 0.0, 0.0, 0.0, 0.0, 0.0, 0.0, -1.0, 0.0, 0.0, 0.0, 0.0, 0.0, 0.0,
      0.0, 0.0, -0.08, 0.0, 0.0, 0.0, 0.0, 0.0, 0.0, 0.0, 0.0, 0.0, 0.0, 0.0,
      -1.0, 0.0, 0.0, 0.0, 0.0, 0.0, 0.0 },

    { 0.0, 0.0, 0.0, 0.0, 0.0, 0.0, 0.0, 0.0, 0.0, 0.0, 0.0, 0.0, 0.0, -1.0, 0.0,
      0.0, 0.0, -0.08, 0.0, 0.0, 0.0, 0.0, 0.0, 0.0, 0.0, 0.0, 0.0, 0.0, 0.0,
      0.0, 0.0, 0.0, 0.0, 0.0, -1.0, 0.0 },

    { 0.0, 0.0, 0.0, 0.0, 0.0, 0.0, 0.0, 0.0, 0.0, 0.0, 0.0, -0.35, 0.0, 0.0,
      1.0, 0.0, 0.0, 0.0, 0.0, 0.0, 0.0, 0.0, 0.0, 0.0, 0.0, 0.0, 0.0, 0.0, 0.0,
      0.0, 0.0, 0.0, 0.0, 0.0, 0.0, 1.0 },

    { 0.0, 0.0, 0.0, 0.0, 0.0, 0.0, 0.0, 0.0, 0.0, 0.0, 0.0, 0.0, 0.0, 0.0, 1.0,
      0.0, -0.35, 0.0, 0.0, 0.0, 0.0, 0.0, 0.0, 0.0, 0.0, 0.0, 0.0, 0.0, 0.0,
      0.0, 0.0, 0.0, 0.0, 0.0, 0.0, 1.0 },

    { 0.0, 0.0, 1.0, 0.0, 0.0, 0.0, 0.0, 0.0, 0.0, 0.0, 0.0, 0.0, 0.0, 0.0, 0.0,
      0.0, 0.0, 0.207, 0.0, 0.0, 0.0, 0.0, 0.0, 1.0, 0.0, 0.0, 0.0, 0.0, 0.0,
      0.0, 0.0, 0.0, 0.0, 0.0, 0.0, 0.0 },

    { 0.0, 0.0, 0.0, 0.0, 0.0, 0.0, 0.0, 0.0, 0.0, 0.0, 0.0, 0.0, 1.0, 0.0, 0.0,
      0.0, 0.0, 0.207, 0.0, 0.0, 0.0, 0.0, 0.0, 0.0, 0.0, 0.0, 0.0, 0.0, 0.0,
      0.0, 0.0, 0.0, 0.0, 1.0, 0.0, 0.0 },

    { 0.0, 0.0, 0.0, 0.0, 0.0, 0.0, 0.0, 0.0, 1.0, 0.0, 0.0, 0.0, 0.0, 0.0, 0.0,
      0.0, 0.0, 0.08, 0.0, 0.0, 0.0, 0.0, 0.0, 0.0, 0.0, 0.0, 0.0, 0.0, 0.0, 1.0,
      0.0, 0.0, 0.0, 0.0, 0.0, 0.0 },

    { 0.0, 0.0, 0.0, 0.0, 0.0, 0.0, 0.0, 0.0, 0.0, 0.0, 0.0, 0.0, 0.0, 1.0, 0.0,
      0.0, 0.0, 0.08, 0.0, 0.0, 0.0, 0.0, 0.0, 0.0, 0.0, 0.0, 0.0, 0.0, 0.0, 0.0,
      0.0, 0.0, 0.0, 0.0, 1.0, 0.0 },

    { 0.0, 0.0, 0.0, 0.0, 0.0, 0.0, 0.0, 0.0, 0.0, 0.0, 0.0, -0.35, 0.0, 0.0,
      1.0, 0.0, 0.0, 0.0, 0.0, 0.0, 0.0, 0.0, 0.0, 0.0, 0.0, 0.0, 0.0, 0.0, 0.0,
      0.0, 0.0, 0.0, 0.0, 0.0, 0.0, 1.0 },

    { 0.0, 0.0, 0.0, 0.0, 0.0, 0.0, 0.0, 0.0, 0.0, 0.0, 0.0, 0.0, 0.0, 0.0, 1.0,
      0.0, -0.35, 0.0, 0.0, 0.0, 0.0, 0.0, 0.0, 0.0, 0.0, 0.0, 0.0, 0.0, 0.0,
      0.0, 0.0, 0.0, 0.0, 0.0, 0.0, 1.0 }
  },

  // Expression: ip
  //  Referenced by: '<Root>/inv_dyn_hyq'

  {
    {
      49.88,

      { 1.324608, 0.01997, 0.143633, 0.01997, 5.798262, -0.007246, 0.143633,
        -0.007246, 6.391501 },

      { -0.0198, -0.0001, 0.0329 }
    },

    {
      2.93,

      { 0.134705, -3.6e-5, -0.022734, -3.6e-5, 0.144171, -5.1e-5, -0.022734,
        -5.1e-5, 0.011033 },

      { 0.04263, 0.0, 0.16931 }
    },

    {
      2.638,

      { 0.005495, 0.007418, 0.000102, 0.007418, 0.087136, 2.1e-5, 0.000102,
        2.1e-5, 0.089871 },

      { 0.15074, -0.02625, -0.0 }
    },

    {
      0.881,

      { 0.000468, -0.0, -0.0, -0.0, 0.026409, -0.0, -0.0, -0.0, 0.026181 },

      { 0.1254, 0.0005, -0.0001 }
    },

    {
      2.93,

      { 0.134705, 3.6e-5, 0.022734, 3.6e-5, 0.144171, -5.1e-5, 0.022734, -5.1e-5,
        0.011033 },

      { 0.04263, -0.0, -0.16931 }
    },

    {
      2.638,

      { 0.005495, 0.007418, 0.000102, 0.007418, 0.087136, 2.1e-5, 0.000102,
        2.1e-5, 0.089871 },

      { 0.15074, -0.02625, -0.0 }
    },

    {
      0.881,

      { 0.000468, -0.0, -0.0, -0.0, 0.026409, -0.0, -0.0, -0.0, 0.026181 },

      { 0.1254, 0.0005, -0.0001 }
    },

    {
      2.93,

      { 0.134705, 3.6e-5, 0.022734, 3.6e-5, 0.144171, -5.1e-5, 0.022734, -5.1e-5,
        0.011033 },

      { 0.04263, -0.0, -0.16931 }
    },

    {
      2.638,

      { 0.005495, -0.007418, -0.000102, -0.007418, 0.087136, 2.1e-5, -0.000102,
        2.1e-5, 0.089871 },

      { 0.15074, 0.02625, 0.0 }
    },

    {
      0.881,

      { 0.000468, -0.0, -0.0, -0.0, 0.026409, -0.0, -0.0, -0.0, 0.026181 },

      { 0.1254, -0.0005, 0.0001 }
    },

    {
      2.93,

      { 0.134705, -3.6e-5, -0.022734, -3.6e-5, 0.144171, -5.1e-5, -0.022734,
        -5.1e-5, 0.011033 },

      { 0.04263, 0.0, 0.16931 }
    },

    {
      2.638,

      { 0.005495, -0.007418, -0.000102, -0.007418, 0.087136, 2.1e-5, -0.000102,
        2.1e-5, 0.089871 },

      { 0.15074, 0.02625, 0.0 }
    },

    {
      0.881,

      { 0.000468, -0.0, -0.0, -0.0, 0.026409, -0.0, -0.0, -0.0, 0.026181 },

      { 0.1254, -0.0005, 0.0001 }
    },

    {
      49.88,

      { 1.324608, 0.01997, 0.143633, 0.01997, 5.798262, -0.007246, 0.143633,
        -0.007246, 6.391501 },

      { -0.0198, -0.0001, 0.0329 },

      { 1.324608, 0.01997, 0.143633, 0.0, -1.641052, -0.004988, 0.01997,
        5.798262, -0.007246, 1.641052, 0.0, 0.98762400000000017, 0.143633,
        -0.007246, 6.391501, 0.004988, -0.98762400000000017, 0.0, 0.0, 1.641052,
        0.004988, 49.88, 0.0, 0.0, -1.641052, 0.0, -0.98762400000000017, 0.0,
        49.88, 0.0, -0.004988, 0.98762400000000017, 0.0, 0.0, 0.0, 49.88 }
    },

    {
      2.93,

      { 0.134705, -3.6e-5, -0.022734, -3.6e-5, 0.144171, -5.1e-5, -0.022734,
        -5.1e-5, 0.011033 },

      { 0.04263, 0.0, 0.16931 },

      { 0.134705, -3.6e-5, -0.022734, 0.0, -0.49607829999999997, 0.0, -3.6e-5,
        0.144171, -5.1e-5, 0.49607829999999997, 0.0, -0.12490590000000001,
        -0.022734, -5.1e-5, 0.011033, -0.0, 0.12490590000000001, 0.0, 0.0,
        0.49607829999999997, -0.0, 2.93, 0.0, 0.0, -0.49607829999999997, 0.0,
        0.12490590000000001, 0.0, 2.93, 0.0, 0.0, -0.12490590000000001, 0.0, 0.0,
        0.0, 2.93 }
    },

    {
      2.638,

      { 0.005495, 0.007418, 0.000102, 0.007418, 0.087136, 2.1e-5, 0.000102,
        2.1e-5, 0.089871 },

      { 0.15074, -0.02625, -0.0 },

      { 0.005495, 0.007418, 0.000102, 0.0, 0.0, -0.06924749999999999, 0.007418,
        0.087136, 2.1e-5, -0.0, 0.0, -0.39765212, 0.000102, 2.1e-5, 0.089871,
        0.06924749999999999, 0.39765212, 0.0, 0.0, -0.0, 0.06924749999999999,
        2.638, 0.0, 0.0, 0.0, 0.0, 0.39765212, 0.0, 2.638, 0.0,
        -0.06924749999999999, -0.39765212, 0.0, 0.0, 0.0, 2.638 }
    },

    {
      0.881,

      { 0.000468, -0.0, -0.0, -0.0, 0.026409, -0.0, -0.0, -0.0, 0.026181 },

      { 0.1254, 0.0005, -0.0001 },

      { 0.000468, -0.0, -0.0, 0.0, 8.81e-5, 0.00044050000000000003, -0.0,
        0.026409, -0.0, -8.81e-5, 0.0, -0.11047740000000002, -0.0, -0.0,
        0.026181, -0.00044050000000000003, 0.11047740000000002, 0.0, 0.0,
        -8.81e-5, -0.00044050000000000003, 0.881, 0.0, 0.0, 8.81e-5, 0.0,
        0.11047740000000002, 0.0, 0.881, 0.0, 0.00044050000000000003,
        -0.11047740000000002, 0.0, 0.0, 0.0, 0.881 }
    },

    {
      2.93,

      { 0.134705, 3.6e-5, 0.022734, 3.6e-5, 0.144171, -5.1e-5, 0.022734, -5.1e-5,
        0.011033 },

      { 0.04263, -0.0, -0.16931 },

      { 0.134705, 3.6e-5, 0.022734, 0.0, 0.49607829999999997, -0.0, 3.6e-5,
        0.144171, -5.1e-5, -0.49607829999999997, 0.0, -0.12490590000000001,
        0.022734, -5.1e-5, 0.011033, 0.0, 0.12490590000000001, 0.0, 0.0,
        -0.49607829999999997, 0.0, 2.93, 0.0, 0.0, 0.49607829999999997, 0.0,
        0.12490590000000001, 0.0, 2.93, 0.0, -0.0, -0.12490590000000001, 0.0,
        0.0, 0.0, 2.93 }
    },

    {
      2.638,

      { 0.005495, 0.007418, 0.000102, 0.007418, 0.087136, 2.1e-5, 0.000102,
        2.1e-5, 0.089871 },

      { 0.15074, -0.02625, -0.0 },

      { 0.005495, 0.007418, 0.000102, 0.0, 0.0, -0.06924749999999999, 0.007418,
        0.087136, 2.1e-5, -0.0, 0.0, -0.39765212, 0.000102, 2.1e-5, 0.089871,
        0.06924749999999999, 0.39765212, 0.0, 0.0, -0.0, 0.06924749999999999,
        2.638, 0.0, 0.0, 0.0, 0.0, 0.39765212, 0.0, 2.638, 0.0,
        -0.06924749999999999, -0.39765212, 0.0, 0.0, 0.0, 2.638 }
    },

    {
      0.881,

      { 0.000468, -0.0, -0.0, -0.0, 0.026409, -0.0, -0.0, -0.0, 0.026181 },

      { 0.1254, 0.0005, -0.0001 },

      { 0.000468, -0.0, -0.0, 0.0, 8.81e-5, 0.00044050000000000003, -0.0,
        0.026409, -0.0, -8.81e-5, 0.0, -0.11047740000000002, -0.0, -0.0,
        0.026181, -0.00044050000000000003, 0.11047740000000002, 0.0, 0.0,
        -8.81e-5, -0.00044050000000000003, 0.881, 0.0, 0.0, 8.81e-5, 0.0,
        0.11047740000000002, 0.0, 0.881, 0.0, 0.00044050000000000003,
        -0.11047740000000002, 0.0, 0.0, 0.0, 0.881 }
    },

    {
      2.93,

      { 0.134705, 3.6e-5, 0.022734, 3.6e-5, 0.144171, -5.1e-5, 0.022734, -5.1e-5,
        0.011033 },

      { 0.04263, -0.0, -0.16931 },

      { 0.134705, 3.6e-5, 0.022734, 0.0, 0.49607829999999997, -0.0, 3.6e-5,
        0.144171, -5.1e-5, -0.49607829999999997, 0.0, -0.12490590000000001,
        0.022734, -5.1e-5, 0.011033, 0.0, 0.12490590000000001, 0.0, 0.0,
        -0.49607829999999997, 0.0, 2.93, 0.0, 0.0, 0.49607829999999997, 0.0,
        0.12490590000000001, 0.0, 2.93, 0.0, -0.0, -0.12490590000000001, 0.0,
        0.0, 0.0, 2.93 }
    },

    {
      2.638,

      { 0.005495, -0.007418, -0.000102, -0.007418, 0.087136, 2.1e-5, -0.000102,
        2.1e-5, 0.089871 },

      { 0.15074, 0.02625, 0.0 },

      { 0.005495, -0.007418, -0.000102, 0.0, -0.0, 0.06924749999999999,
        -0.007418, 0.087136, 2.1e-5, 0.0, 0.0, -0.39765212, -0.000102, 2.1e-5,
        0.089871, -0.06924749999999999, 0.39765212, 0.0, 0.0, 0.0,
        -0.06924749999999999, 2.638, 0.0, 0.0, -0.0, 0.0, 0.39765212, 0.0, 2.638,
        0.0, 0.06924749999999999, -0.39765212, 0.0, 0.0, 0.0, 2.638 }
    },

    {
      0.881,

      { 0.000468, -0.0, -0.0, -0.0, 0.026409, -0.0, -0.0, -0.0, 0.026181 },

      { 0.1254, -0.0005, 0.0001 },

      { 0.000468, -0.0, -0.0, 0.0, -8.81e-5, -0.00044050000000000003, -0.0,
        0.026409, -0.0, 8.81e-5, 0.0, -0.11047740000000002, -0.0, -0.0, 0.026181,
        0.00044050000000000003, 0.11047740000000002, 0.0, 0.0, 8.81e-5,
        0.00044050000000000003, 0.881, 0.0, 0.0, -8.81e-5, 0.0,
        0.11047740000000002, 0.0, 0.881, 0.0, -0.00044050000000000003,
        -0.11047740000000002, 0.0, 0.0, 0.0, 0.881 }
    },

    {
      2.93,

      { 0.134705, -3.6e-5, -0.022734, -3.6e-5, 0.144171, -5.1e-5, -0.022734,
        -5.1e-5, 0.011033 },

      { 0.04263, 0.0, 0.16931 },

      { 0.134705, -3.6e-5, -0.022734, 0.0, -0.49607829999999997, 0.0, -3.6e-5,
        0.144171, -5.1e-5, 0.49607829999999997, 0.0, -0.12490590000000001,
        -0.022734, -5.1e-5, 0.011033, -0.0, 0.12490590000000001, 0.0, 0.0,
        0.49607829999999997, -0.0, 2.93, 0.0, 0.0, -0.49607829999999997, 0.0,
        0.12490590000000001, 0.0, 2.93, 0.0, 0.0, -0.12490590000000001, 0.0, 0.0,
        0.0, 2.93 }
    },

    {
      2.638,

      { 0.005495, -0.007418, -0.000102, -0.007418, 0.087136, 2.1e-5, -0.000102,
        2.1e-5, 0.089871 },

      { 0.15074, 0.02625, 0.0 },

      { 0.005495, -0.007418, -0.000102, 0.0, -0.0, 0.06924749999999999,
        -0.007418, 0.087136, 2.1e-5, 0.0, 0.0, -0.39765212, -0.000102, 2.1e-5,
        0.089871, -0.06924749999999999, 0.39765212, 0.0, 0.0, 0.0,
        -0.06924749999999999, 2.638, 0.0, 0.0, -0.0, 0.0, 0.39765212, 0.0, 2.638,
        0.0, 0.06924749999999999, -0.39765212, 0.0, 0.0, 0.0, 2.638 }
    },

    {
      0.881,

      { 0.000468, -0.0, -0.0, -0.0, 0.026409, -0.0, -0.0, -0.0, 0.026181 },

      { 0.1254, -0.0005, 0.0001 },

      { 0.000468, -0.0, -0.0, 0.0, -8.81e-5, -0.00044050000000000003, -0.0,
        0.026409, -0.0, 8.81e-5, 0.0, -0.11047740000000002, -0.0, -0.0, 0.026181,
        0.00044050000000000003, 0.11047740000000002, 0.0, 0.0, 8.81e-5,
        0.00044050000000000003, 0.881, 0.0, 0.0, -8.81e-5, 0.0,
        0.11047740000000002, 0.0, 0.881, 0.0, -0.00044050000000000003,
        -0.11047740000000002, 0.0, 0.0, 0.0, 0.881 }
    },

    {
      49.88,

      { 1.2706169, 0.020068763, 0.11114016, 0.020068763, 5.7247167,
        -0.0074101053, 0.11114016, -0.0074101053, 6.3719454 },

      { 0.0, 0.0, 0.0 }
    },

    {
      2.93,

      { 0.050713986, -3.6e-5, -0.001586182, -3.6e-5, 0.054855242, -5.1e-5,
        -0.001586182, -5.1e-5, 0.0057082623 },

      { 0.0, 0.0, 0.0 }
    },

    {
      2.638,

      { 0.0036772534, -0.0030203676, 0.000102, -0.0030203676, 0.027193923,
        2.1e-5, 0.000102, 2.1e-5, 0.028111171 },

      { 0.0, 0.0, 0.0 }
    },

    {
      0.881,

      { 0.00046777097, 5.5238703e-5, -1.104774e-5, 5.5238703e-5, 0.012555124,
        -4.405e-8, -1.104774e-5, -4.405e-8, 0.012326912 },

      { 0.0, 0.0, 0.0 }
    },

    {
      2.93,

      { 0.050713986, 3.6e-5, 0.001586182, 3.6e-5, 0.054855242, -5.1e-5,
        0.001586182, -5.1e-5, 0.0057082623 },

      { 0.0, 0.0, 0.0 }
    },

    {
      2.638,

      { 0.0036772534, -0.0030203676, 0.000102, -0.0030203676, 0.027193923,
        2.1e-5, 0.000102, 2.1e-5, 0.028111171 },

      { 0.0, 0.0, 0.0 }
    },

    {
      0.881,

      { 0.00046777097, 5.5238703e-5, -1.104774e-5, 5.5238703e-5, 0.012555124,
        -4.405e-8, -1.104774e-5, -4.405e-8, 0.012326912 },

      { 0.0, 0.0, 0.0 }
    },

    {
      2.93,

      { 0.050713986, 3.6e-5, 0.001586182, 3.6e-5, 0.054855242, -5.1e-5,
        0.001586182, -5.1e-5, 0.0057082623 },

      { 0.0, 0.0, 0.0 }
    },

    {
      2.638,

      { 0.0036772534, 0.0030203676, -0.000102, 0.0030203676, 0.027193923, 2.1e-5,
        -0.000102, 2.1e-5, 0.028111171 },

      { 0.0, 0.0, 0.0 }
    },

    {
      0.881,

      { 0.00046777097, -5.5238703e-5, 1.104774e-5, -5.5238703e-5, 0.012555124,
        -4.405e-8, 1.104774e-5, -4.405e-8, 0.012326912 },

      { 0.0, 0.0, 0.0 }
    },

    {
      2.93,

      { 0.050713986, -3.6e-5, -0.001586182, -3.6e-5, 0.054855242, -5.1e-5,
        -0.001586182, -5.1e-5, 0.0057082623 },

      { 0.0, 0.0, 0.0 }
    },

    {
      2.638,

      { 0.0036772534, 0.0030203676, -0.000102, 0.0030203676, 0.027193923, 2.1e-5,
        -0.000102, 2.1e-5, 0.028111171 },

      { 0.0, 0.0, 0.0 }
    },

    {
      0.881,

      { 0.00046777097, -5.5238703e-5, 1.104774e-5, -5.5238703e-5, 0.012555124,
        -4.405e-8, 1.104774e-5, -4.405e-8, 0.012326912 },

      { 0.0, 0.0, 0.0 }
    }
  }
};

//
// File trailer for generated code.
//
// [EOF]
//
